function kap0 = th_cond_air(T)
kap0 = 1.5207e-11.*T.^3 - 4.8574e-8.*T.^2 + 1.0184e-4.*T - 3.9333e-4;
end